004 04 03  3  104 4 777110002  2  188700
00  0  0      10    77711000      188700
004 04 0      104 4 77788888888888888700
00  0  88888888     77711000000000088700
1111111081111111111111111100000000088700
16    1083  03  10004 2  1802  3  188700
1     108   0   1000     180      108700
1     1080000000000000000080000   108700
1     1111111111111111110000000000000000
1     15   05  105  5  10000000000000000
1111111    0   10      1000002  4 100000
00000005   05  105  5  100000     100000
0000000    0   10      10000000000000000
0000000000000000000000000000000000000000
0000000000000000000000000000000000000000
0000000000000000000000000000000000000000
0000000000000000000000000000000000000000
0000000000000000000000000000000000000000
0000000000000000000000000000000000000000
0000000000000000000000000000000000000000
0000000000000000000000000000000000000000
0000000000000000000000000000000000000000
0000000000000000000000000000000000000000
0000000000000000000000000000000000000000
0000000000000000000000000000000000000000
0000000000000000000000000000000000000000
0000000000000000000000000000000000000000
0000000000000000000000000000000000000000
0000000000000000000000000000000000000000
0000000000000000000000000000000000000000
0000000000000000000000000000000000000000
0000000000000000000000000000000000000000
0000000000000000000000000000000000000000
0000000000000000000000000000000000000000
0000000000000000000000000000000000000000
0000000000000000000000000000000000000000
0000000000000000000000000000000000000000
0000000000000000000000000000000000000000
0000000000000000000000000000000000000000
0000000000000000000000000000000000000000